lastAccountName: regeg123geg
timestamps:
  login: 1625404574743
  logout: 1625406833410
  lastteleport: 1625406370897
ipAddress: 25.36.174.43
lastlocation:
  world: world
  x: 516.3000000119209
  y: 126.0
  z: -1541.6548270912192
  yaw: -356.2121
  pitch: 13.649975
logoutlocation:
  world: world
  x: 509.4978888792445
  y: 127.6239067515191
  z: -1542.3765636622115
  yaw: -4.5545654
  pitch: 50.25004
afk: false
godmode: true
