lastAccountName: ivan777_rus32
timestamps:
  login: 1625066941604
  logout: 1625066949918
ipAddress: 127.0.0.1
lastlocation:
  world: world
  x: 508.5
  y: 159.0
  z: -1529.5
  yaw: 1.6149352
  pitch: 0.0
logoutlocation:
  world: world
  x: 514.4438841650078
  y: 126.0
  z: -1543.314531496435
  yaw: 190.17131
  pitch: 22.722704
