lastAccountName: ivan777_rus
timestamps:
  login: 1625747276019
  logout: 1625747324183
  lastteleport: 1625406337276
ipAddress: 25.42.83.188
lastlocation:
  world: world
  x: 521.8862367473891
  y: 126.0
  z: -1538.2662699456018
  yaw: -267.01794
  pitch: 9.877249
logoutlocation:
  world: world
  x: 460.29396236327113
  y: 131.0
  z: -1587.300000011921
  yaw: -327.59326
  pitch: -4.406306
afk: false
