spawns: 
  default: 
    world: world
    x: 516.6279690831835
    y: 126.0
    z: -1541.2781039507165
    yaw: -344.96207
    pitch: 22.049976
